1369190320080
1,0,1369074116420
6,1,1369074123303
1,1,1369074130127
8,0,1369075513579
1,1,1369078812049
1,0,2222222222222
1,1,1369079803510
1,1,1369090469318
63,1,1369090550695
1,1,1369090825581
1,1,1369090922099
1,1,1369091228312
1,1,1369091797421
1,1,1369092329450
1,0,1369092541371
1,1,1369092617118
1,0,1369092767408
1,1,1369092835019
1,0,1369092839753
1,1,1369092852253
1,1,1369092960532
6,0,1369092979410
19,0,1369093183607
20,0,1369093196662
20,0,1369094468759
19,1,1369094470234
19,1,1369094510337
1,0,1369094515438
1,1,1369098150457
1,0,1369189267696
6,0,1369189279383
1,1,1369190325750